Final Test Accuracy: 0.9031

Confusion Matrix:
[[1297    2    3    1    0   18    9    4    7    2]
 [   0 1538    4    6    1   15    2    5   27    2]
 [  10   20 1192   21   19   16   18   24   46   14]
 [  11   12   26 1231    1   74    7   20   26   25]
 [   2    2    7    5 1121    5   11    9   12  121]
 [   5    9    6   31   14 1143   17    3   24   21]
 [   3    4   13    1   16   24 1327    2    6    0]
 [   5    6   17    0   12    6    0 1387    4   66]
 [   8   30   12   34    9   72   12   11 1106   63]
 [   7    8    3   10   23   15    0   46    7 1301]]

Classification Report:
              precision    recall  f1-score   support

           0       0.96      0.97      0.96      1343
           1       0.94      0.96      0.95      1600
           2       0.93      0.86      0.90      1380
           3       0.92      0.86      0.89      1433
           4       0.92      0.87      0.89      1295
           5       0.82      0.90      0.86      1273
           6       0.95      0.95      0.95      1396
           7       0.92      0.92      0.92      1503
           8       0.87      0.82      0.84      1357
           9       0.81      0.92      0.86      1420

    accuracy                           0.90     14000
   macro avg       0.90      0.90      0.90     14000
weighted avg       0.91      0.90      0.90     14000
